{
 "cells": [
  {
   "cell_type": "markdown",
   "id": "92bd59c8",
   "metadata": {},
   "source": [
    "# Formative Assignment: Advanced Linear Algebra (PCA)\n",
    "\n",
    "This notebook implements Principal Component Analysis (PCA) on the **Africa Malaria Dataset**.\n",
    "\n",
    "**Constraints respected:**\n",
    "1. Outputs displayed for every code cell\n",
    "2. Code is split across separate cells — one step per cell\n",
    "3. Only `numpy` and `matplotlib` are used (no sklearn, pandas, or other libraries)\n"
   ]
  },
  {
   "cell_type": "markdown",
   "id": "417476d3",
   "metadata": {},
   "source": [
    "## Step 1: Load and Standardize the Data\n",
    "\n",
    "Standardization formula: **z = (x − μ) / σ** — shifts each feature to mean 0 and scales to standard deviation 1."
   ]
  },
  {
   "cell_type": "code",
   "execution_count": null,
   "id": "75d825cd",
   "metadata": {
    "execution": {
     "iopub.execute_input": "2026-06-12T22:12:27.708574Z",
     "iopub.status.busy": "2026-06-12T22:12:27.707525Z",
     "iopub.status.idle": "2026-06-12T22:12:27.805798Z",
     "shell.execute_reply": "2026-06-12T22:12:27.805057Z"
    }
   },
   "outputs": [],
   "source": [
    "import numpy as np"
   ]
  },
  {
   "cell_type": "code",
   "execution_count": 2,
   "id": "84fd213b",
   "metadata": {
    "execution": {
     "iopub.execute_input": "2026-06-12T22:12:27.808709Z",
     "iopub.status.busy": "2026-06-12T22:12:27.808420Z",
     "iopub.status.idle": "2026-06-12T22:12:27.838569Z",
     "shell.execute_reply": "2026-06-12T22:12:27.837079Z"
    }
   },
   "outputs": [],
   "source": [
    "with open('DatasetAfricaMalaria.csv', 'r') as f:\n",
    "    raw_lines = f.read().splitlines()\n",
    "\n",
    "def clean_line(line):\n",
    "    cleaned, in_quotes = [], False\n",
    "    for ch in line:\n",
    "        if ch == '\"':\n",
    "            in_quotes = not in_quotes\n",
    "        elif ch == ',' and in_quotes:\n",
    "            cleaned.append(';')\n",
    "        else:\n",
    "            cleaned.append(ch)\n",
    "    return ''.join(cleaned)\n"
   ]
  },
  {
   "cell_type": "code",
   "execution_count": 3,
   "id": "beca7557",
   "metadata": {},
   "outputs": [
    {
     "data": {
      "text/plain": [
       "array([['Algeria', '2007', 'DZA', ..., '28.033886', '1.659626',\n",
       "        'POINT (28.033886 1.659626)'],\n",
       "       ['Angola', '2007', 'AGO', ..., '-11.202692', '17.873887',\n",
       "        'POINT (-11.202692 17.873887)'],\n",
       "       ['Benin', '2007', 'BEN', ..., '9.30769', '2.315834',\n",
       "        'POINT (9.307689999999999 2.315834)'],\n",
       "       ...,\n",
       "       ['Uganda', '2017', 'UGA', ..., '1.373333', '32.290275',\n",
       "        'POINT (1.373333 32.290275)'],\n",
       "       ['Zambia', '2017', 'ZMB', ..., '-13.133897', '27.849332',\n",
       "        'POINT (-13.133897 27.849332)'],\n",
       "       ['Zimbabwe', '2017', 'ZWE', ..., '-19.015438', '29.154857',\n",
       "        'POINT (-19.015438 29.154857)']], dtype='<U87')"
      ]
     },
     "execution_count": 3,
     "metadata": {},
     "output_type": "execute_result"
    }
   ],
   "source": [
    "table  = np.genfromtxt([clean_line(line) for line in raw_lines], delimiter=',', dtype=str, encoding=None)\n",
    "header = table[0]\n",
    "rows   = table[1:]\n",
    "rows"
   ]
  },
  {
   "cell_type": "code",
   "execution_count": null,
   "id": "d91fd56c",
   "metadata": {
    "execution": {
     "iopub.execute_input": "2026-06-12T22:12:27.843204Z",
     "iopub.status.busy": "2026-06-12T22:12:27.842635Z",
     "iopub.status.idle": "2026-06-12T22:12:27.873596Z",
     "shell.execute_reply": "2026-06-12T22:12:27.872511Z"
    }
   },
   "outputs": [
    {
     "data": {
      "text/plain": [
       "array([[1.0000000e-02, 2.6000000e+01,           nan, ..., 8.5850000e+01,\n",
       "        7.6940000e+01, 9.0570000e+01],\n",
       "       [2.8672000e+02, 1.5334850e+06, 1.8000000e+01, ..., 3.7260000e+01,\n",
       "        1.4000000e+01, 5.4440000e+01],\n",
       "       [4.8024000e+02, 0.0000000e+00,           nan, ..., 1.1800000e+01,\n",
       "        4.2900000e+00, 2.2360000e+01],\n",
       "       ...,\n",
       "       [3.3676000e+02, 1.1667831e+07,           nan, ..., 1.8470000e+01,\n",
       "        1.6170000e+01, 2.6110000e+01],\n",
       "       [1.6005000e+02, 5.5056390e+06,           nan, ..., 2.6370000e+01,\n",
       "        1.8930000e+01, 3.6240000e+01],\n",
       "       [1.0855000e+02, 4.6750800e+05,           nan, ..., 3.6220000e+01,\n",
       "        3.1470000e+01, 4.6220000e+01]])"
      ]
     },
     "execution_count": 4,
     "metadata": {},
     "output_type": "execute_result"
    }
   ],
   "source": [
    "# Numeric feature columns only and skip non-numeric metadata\n",
    "feature_names = np.char.replace(header[3:24], ';', ',')   # restore commas for display\n",
    "raw_data = np.array([\n",
    "    [float(v) if v.strip() != '' else np.nan for v in row[3:24]]\n",
    "    for row in rows\n",
    "])\n",
    "\n",
    "raw_data"
   ]
  },
  {
   "cell_type": "code",
   "execution_count": 5,
   "id": "a0977a09",
   "metadata": {
    "execution": {
     "iopub.execute_input": "2026-06-12T22:12:27.877612Z",
     "iopub.status.busy": "2026-06-12T22:12:27.877239Z",
     "iopub.status.idle": "2026-06-12T22:12:27.885549Z",
     "shell.execute_reply": "2026-06-12T22:12:27.884019Z"
    }
   },
   "outputs": [
    {
     "name": "stdout",
     "output_type": "stream",
     "text": [
      "Clean data shape: (528, 12)  (528 samples, 12 features)\n"
     ]
    }
   ],
   "source": [
    "# Keep only columns where at least 50% of rows have a value\n",
    "col_mask = np.sum(~np.isnan(raw_data), axis=0) > (raw_data.shape[0] * 0.5)\n",
    "data = raw_data[:, col_mask]\n",
    "\n",
    "# Drop any row that still contains NaN\n",
    "row_mask = ~np.any(np.isnan(data), axis=1)\n",
    "data = data[row_mask]\n",
    "\n",
    "print(f\"Clean data shape: {data.shape}  ({data.shape[0]} samples, {data.shape[1]} features)\")"
   ]
  },
  {
   "cell_type": "code",
   "execution_count": null,
   "id": "4ffac784",
   "metadata": {
    "execution": {
     "iopub.execute_input": "2026-06-12T22:12:27.889480Z",
     "iopub.status.busy": "2026-06-12T22:12:27.888903Z",
     "iopub.status.idle": "2026-06-12T22:12:27.898657Z",
     "shell.execute_reply": "2026-06-12T22:12:27.897553Z"
    }
   },
   "outputs": [
    {
     "data": {
      "text/plain": [
       "array([[-1.19922544, -0.49862971, -1.30790788, -1.84126952,  1.30787926,\n",
       "        -0.78941194,  1.78442393,  2.06199833,  1.25604516,  2.3068026 ,\n",
       "         2.3453371 ,  2.18520393],\n",
       "       [ 0.56315816,  0.19028066, -0.8636883 ,  0.36055827,  0.86365444,\n",
       "         0.97979387, -0.99218058, -1.49281103, -1.95720117,  0.0932321 ,\n",
       "        -0.54599783,  0.38931907],\n",
       "       [ 1.75271024, -0.49864139,  0.04177076,  0.43073605, -0.04181531,\n",
       "         0.27211155,  0.01252855,  0.29146727, -0.80176441, -1.06662601,\n",
       "        -0.99205538, -1.20525569],\n",
       "       [-1.19295558, -0.49846618, -0.88694884, -2.57813619,  0.88691525,\n",
       "         0.81825769,  0.97214644,  0.44497821,  1.20831818,  1.20206737,\n",
       "         0.64792963,  1.52560271],\n",
       "       [ 1.89753169, -0.47876376,  1.09473569,  0.57986383, -1.09479266,\n",
       "         1.6720918 , -0.71845768, -0.26930591, -0.81175377, -0.89351286,\n",
       "        -0.89604506, -0.00584519]])"
      ]
     },
     "execution_count": 6,
     "metadata": {},
     "output_type": "execute_result"
    }
   ],
   "source": [
    "# Standardization: z = (x - mu) / sigma\n",
    "mean = np.mean(data, axis=0)\n",
    "std  = np.std(data, axis=0)\n",
    "std[std == 0] = 1\n",
    "\n",
    "standardized_data = (data - mean) / std  \n",
    "\n",
    "standardized_data[:5]"
   ]
  },
  {
   "cell_type": "markdown",
   "id": "1df571ab",
   "metadata": {},
   "source": [
    "## Step 3: Calculate the Covariance Matrix\n",
    "\n",
    "The covariance matrix captures how every pair of features varies together and is the mathematical foundation of PCA."
   ]
  },
  {
   "cell_type": "code",
   "execution_count": null,
   "id": "5c6b859c",
   "metadata": {
    "execution": {
     "iopub.execute_input": "2026-06-12T22:12:27.901914Z",
     "iopub.status.busy": "2026-06-12T22:12:27.901603Z",
     "iopub.status.idle": "2026-06-12T22:12:27.919393Z",
     "shell.execute_reply": "2026-06-12T22:12:27.918724Z"
    }
   },
   "outputs": [
    {
     "name": "stdout",
     "output_type": "stream",
     "text": [
      "Covariance matrix shape: (12, 12)\n"
     ]
    },
    {
     "data": {
      "text/plain": [
       "array([[ 1.00189753,  0.28093302,  0.21595252,  0.39697941, -0.21595715,\n",
       "         0.32418282, -0.39626361, -0.36983187, -0.42716034, -0.50945897,\n",
       "        -0.44601937, -0.49857409],\n",
       "       [ 0.28093302,  1.00189753,  0.21504725,  0.26082641, -0.21505665,\n",
       "         0.28330172, -0.25323919, -0.20778335, -0.17557612, -0.19693324,\n",
       "        -0.13397722, -0.23930845],\n",
       "       [ 0.21595252,  0.21504725,  1.00189753,  0.68328793, -1.00189752,\n",
       "         0.16210634, -0.63194793, -0.29482915, -0.27216502, -0.47961245,\n",
       "        -0.27591691, -0.45762836],\n",
       "       [ 0.39697941,  0.26082641,  0.68328793,  1.00189753, -0.6832909 ,\n",
       "         0.1723354 , -0.57523929, -0.39109312, -0.38158943, -0.48984843,\n",
       "        -0.37036182, -0.4641653 ],\n",
       "       [-0.21595715, -0.21505665, -1.00189752, -0.6832909 ,  1.00189753,\n",
       "        -0.16211233,  0.63195026,  0.29483063,  0.2721706 ,  0.47961455,\n",
       "         0.27591921,  0.45762996],\n",
       "       [ 0.32418282,  0.28330172,  0.16210634,  0.1723354 , -0.16211233,\n",
       "         1.00189753, -0.39650345, -0.41188559, -0.3105205 , -0.36460792,\n",
       "        -0.31787063, -0.374955  ],\n",
       "       [-0.39626361, -0.25323919, -0.63194793, -0.57523929,  0.63195026,\n",
       "        -0.39650345,  1.00189753,  0.90437599,  0.78362478,  0.69452437,\n",
       "         0.62744992,  0.61991698],\n",
       "       [-0.36983187, -0.20778335, -0.29482915, -0.39109312,  0.29483063,\n",
       "        -0.41188559,  0.90437599,  1.00189753,  0.72994483,  0.60861307,\n",
       "         0.6283807 ,  0.5322956 ],\n",
       "       [-0.42716034, -0.17557612, -0.27216502, -0.38158943,  0.2721706 ,\n",
       "        -0.3105205 ,  0.78362478,  0.72994483,  1.00189753,  0.55327948,\n",
       "         0.56416911,  0.48184764],\n",
       "       [-0.50945897, -0.19693324, -0.47961245, -0.48984843,  0.47961455,\n",
       "        -0.36460792,  0.69452437,  0.60861307,  0.55327948,  1.00189753,\n",
       "         0.94014458,  0.9362295 ],\n",
       "       [-0.44601937, -0.13397722, -0.27591691, -0.37036182,  0.27591921,\n",
       "        -0.31787063,  0.62744992,  0.6283807 ,  0.56416911,  0.94014458,\n",
       "         1.00189753,  0.80610273],\n",
       "       [-0.49857409, -0.23930845, -0.45762836, -0.4641653 ,  0.45762996,\n",
       "        -0.374955  ,  0.61991698,  0.5322956 ,  0.48184764,  0.9362295 ,\n",
       "         0.80610273,  1.00189753]])"
      ]
     },
     "execution_count": 7,
     "metadata": {},
     "output_type": "execute_result"
    }
   ],
   "source": [
    "n = standardized_data.shape[0]\n",
    "\n",
    "# C = (1 / (n-1)) * X^T . X   — X is already mean-centred after standardisation\n",
    "cov_matrix = (1 / (n - 1)) * (standardized_data.T @ standardized_data)  # Calculate covariance matrix\n",
    "\n",
    "print(f\"Covariance matrix shape: {cov_matrix.shape}\")\n",
    "cov_matrix"
   ]
  },
  {
   "cell_type": "markdown",
   "id": "89f90957",
   "metadata": {},
   "source": [
    "### Why do we compute a covariance matrix? \n",
    "\n",
    "The covariance matrix quantifies how strongly every pair of features moves together, exposing linear dependencies in the data.\n",
    "**Reason 1:** Its eigenvectors point in the directions of maximum variance — these become the principal components that PCA projects onto, so without the covariance matrix we cannot determine those directions.\n",
    "**Reason 2:** It reveals redundancy — features with high covariance (e.g. rural sanitation and malaria incidence) carry overlapping information, so projecting onto their shared principal component compresses them into fewer dimensions without major information loss.\n",
    "Together these two properties let PCA replace many correlated features with a small set of uncorrelated components that still explain most of the total variance in the dataset.\n"
   ]
  },
  {
   "cell_type": "markdown",
   "id": "43975104",
   "metadata": {},
   "source": [
    "## Step 4: Perform Eigendecomposition\n",
    "\n",
    "Eigendecomposition finds the **directions** (eigenvectors) and **magnitudes** (eigenvalues) of maximum variance inside the covariance matrix."
   ]
  },
  {
   "cell_type": "code",
   "execution_count": 14,
   "id": "4389a3fa",
   "metadata": {
    "execution": {
     "iopub.execute_input": "2026-06-12T22:12:27.922262Z",
     "iopub.status.busy": "2026-06-12T22:12:27.921986Z",
     "iopub.status.idle": "2026-06-12T22:12:27.931930Z",
     "shell.execute_reply": "2026-06-12T22:12:27.931007Z"
    }
   },
   "outputs": [
    {
     "name": "stdout",
     "output_type": "stream",
     "text": [
      "Eigenvalues:\n",
      "[6.12702427e+00 1.72633085e+00 1.08446406e+00 9.61833670e-01\n",
      " 7.11348152e-01 6.20998652e-01 3.53211385e-01 2.65349206e-01\n",
      " 1.52476827e-01 7.86306933e-03 1.18702553e-02 1.13969171e-08]\n",
      "\n",
      "Eigenvectors (each column = one eigenvector), shape: (12, 12)\n"
     ]
    },
    {
     "data": {
      "text/plain": [
       "(array([6.12702427e+00, 1.72633085e+00, 1.08446406e+00, 9.61833670e-01,\n",
       "        7.11348152e-01, 6.20998652e-01, 3.53211385e-01, 2.65349206e-01,\n",
       "        1.52476827e-01, 7.86306933e-03, 1.18702553e-02, 1.13969171e-08]),\n",
       " array([[-2.35854373e-01,  1.67704405e-01,  2.69011635e-01,\n",
       "          3.03466736e-01, -5.15183460e-01, -5.79446271e-01,\n",
       "          3.16854587e-01, -2.13634617e-01,  6.12945777e-02,\n",
       "         -2.82412932e-02,  5.04720056e-03,  2.70886361e-07],\n",
       "        [-1.39219310e-01, -4.86818734e-02,  7.61317085e-01,\n",
       "          8.56278802e-02, -1.63670135e-01,  5.99830077e-01,\n",
       "          3.04736086e-02,  2.33598544e-02,  5.60077663e-02,\n",
       "          1.04021400e-02, -2.96457034e-03,  6.22941225e-06],\n",
       "        [-2.71845942e-01, -5.41664585e-01, -4.34384296e-02,\n",
       "         -6.83948822e-03,  1.33945797e-01, -3.79587072e-02,\n",
       "          2.65244991e-01,  1.09353002e-02,  1.03150547e-01,\n",
       "          4.87775787e-02,  1.67015017e-01,  7.07103568e-01],\n",
       "        [-2.79049397e-01, -3.43145091e-01,  4.54860296e-02,\n",
       "          2.77774284e-02, -2.77217294e-01, -1.85951738e-01,\n",
       "         -8.25503808e-01,  6.95168325e-02, -5.13541751e-02,\n",
       "         -8.21182262e-03, -3.34817348e-02,  2.43138253e-06],\n",
       "        [ 2.71847468e-01,  5.41662678e-01,  4.34296035e-02,\n",
       "          6.83968660e-03, -1.33943593e-01,  3.79570636e-02,\n",
       "         -2.65242794e-01, -1.09473188e-02, -1.03157909e-01,\n",
       "         -4.87733927e-02, -1.66995314e-01,  7.07109994e-01],\n",
       "        [-1.90515552e-01,  2.12902744e-01,  4.61423110e-01,\n",
       "         -6.85001545e-02,  6.97498457e-01, -4.17141204e-01,\n",
       "         -1.34758225e-01,  1.31241407e-01,  6.94120732e-02,\n",
       "         -3.41102895e-03,  6.93180417e-03,  3.40952726e-06],\n",
       "        [ 3.66795684e-01,  9.22736726e-03,  5.85597743e-02,\n",
       "          3.93421115e-01, -6.27569623e-03, -5.77837522e-02,\n",
       "         -1.12847061e-01,  2.04960778e-01,  4.50209370e-02,\n",
       "          4.74210102e-01,  6.49724965e-01, -8.43414554e-06],\n",
       "        [ 3.13712190e-01, -2.33373008e-01,  4.12138371e-02,\n",
       "          4.55425979e-01,  1.52088372e-02, -9.43264136e-02,\n",
       "          8.59002865e-02,  5.83050642e-01,  1.22249666e-01,\n",
       "         -3.15942384e-01, -4.08399358e-01,  1.14897018e-05],\n",
       "        [ 2.92031226e-01, -2.24066704e-01,  5.78939656e-02,\n",
       "          4.36060584e-01,  2.77059536e-01,  2.46004441e-02,\n",
       "         -1.42723642e-01, -7.35652619e-01,  2.07250085e-02,\n",
       "         -1.07875380e-01, -1.41501679e-01, -4.35178391e-06],\n",
       "        [ 3.58687110e-01, -1.42143202e-01,  2.01167639e-01,\n",
       "         -3.34399376e-01, -1.02888716e-01, -1.40603254e-01,\n",
       "         -6.23019046e-03, -3.44869159e-02, -8.42752914e-02,\n",
       "         -6.62886052e-01,  4.69833734e-01, -4.58476001e-06],\n",
       "        [ 3.19801517e-01, -2.84207464e-01,  2.55886404e-01,\n",
       "         -2.66199035e-01, -5.31490413e-02, -2.05715913e-01,\n",
       "          1.26096954e-01,  2.87946124e-03, -6.31019455e-01,\n",
       "          3.83599711e-01, -2.72445311e-01, -4.63772058e-08],\n",
       "        [ 3.37429389e-01, -1.17888215e-01,  1.21860306e-01,\n",
       "         -3.99989615e-01, -1.34605398e-01, -1.34348558e-01,\n",
       "         -4.38970851e-02, -8.47281529e-02,  7.35989102e-01,\n",
       "          2.67130109e-01, -1.97711239e-01,  5.49067624e-06]]))"
      ]
     },
     "execution_count": 14,
     "metadata": {},
     "output_type": "execute_result"
    }
   ],
   "source": [
    "eigenvalues  = eigenvalues.real\n",
    "eigenvectors = eigenvectors.real\n",
    "\n",
    "print(\"Eigenvalues:\")\n",
    "print(eigenvalues)\n",
    "print(\"\\nEigenvectors (each column = one eigenvector), shape:\", eigenvectors.shape)\n",
    "eigenvalues, eigenvectors"
   ]
  },
  {
   "cell_type": "markdown",
   "id": "f1908c69",
   "metadata": {},
   "source": [
    "## Step 5: Sort Principal Components\n",
    "\n",
    "Sort eigenvectors by their eigenvalues in **descending order** — the higher the eigenvalue, the more variance that component explains, and therefore the more important it is."
   ]
  },
  {
   "cell_type": "code",
   "execution_count": null,
   "id": "5f831e81",
   "metadata": {
    "execution": {
     "iopub.execute_input": "2026-06-12T22:12:27.935577Z",
     "iopub.status.busy": "2026-06-12T22:12:27.935277Z",
     "iopub.status.idle": "2026-06-12T22:12:27.942782Z",
     "shell.execute_reply": "2026-06-12T22:12:27.942134Z"
    }
   },
   "outputs": [
    {
     "data": {
      "text/plain": [
       "array([[-2.35854373e-01,  1.67704405e-01,  2.69011635e-01,\n",
       "         3.03466736e-01, -5.15183460e-01, -5.79446271e-01,\n",
       "         3.16854587e-01, -2.13634617e-01,  6.12945777e-02,\n",
       "         5.04720056e-03, -2.82412932e-02,  2.70886361e-07],\n",
       "       [-1.39219310e-01, -4.86818734e-02,  7.61317085e-01,\n",
       "         8.56278802e-02, -1.63670135e-01,  5.99830077e-01,\n",
       "         3.04736086e-02,  2.33598544e-02,  5.60077663e-02,\n",
       "        -2.96457034e-03,  1.04021400e-02,  6.22941225e-06],\n",
       "       [-2.71845942e-01, -5.41664585e-01, -4.34384296e-02,\n",
       "        -6.83948822e-03,  1.33945797e-01, -3.79587072e-02,\n",
       "         2.65244991e-01,  1.09353002e-02,  1.03150547e-01,\n",
       "         1.67015017e-01,  4.87775787e-02,  7.07103568e-01],\n",
       "       [-2.79049397e-01, -3.43145091e-01,  4.54860296e-02,\n",
       "         2.77774284e-02, -2.77217294e-01, -1.85951738e-01,\n",
       "        -8.25503808e-01,  6.95168325e-02, -5.13541751e-02,\n",
       "        -3.34817348e-02, -8.21182262e-03,  2.43138253e-06],\n",
       "       [ 2.71847468e-01,  5.41662678e-01,  4.34296035e-02,\n",
       "         6.83968660e-03, -1.33943593e-01,  3.79570636e-02,\n",
       "        -2.65242794e-01, -1.09473188e-02, -1.03157909e-01,\n",
       "        -1.66995314e-01, -4.87733927e-02,  7.07109994e-01],\n",
       "       [-1.90515552e-01,  2.12902744e-01,  4.61423110e-01,\n",
       "        -6.85001545e-02,  6.97498457e-01, -4.17141204e-01,\n",
       "        -1.34758225e-01,  1.31241407e-01,  6.94120732e-02,\n",
       "         6.93180417e-03, -3.41102895e-03,  3.40952726e-06],\n",
       "       [ 3.66795684e-01,  9.22736726e-03,  5.85597743e-02,\n",
       "         3.93421115e-01, -6.27569623e-03, -5.77837522e-02,\n",
       "        -1.12847061e-01,  2.04960778e-01,  4.50209370e-02,\n",
       "         6.49724965e-01,  4.74210102e-01, -8.43414554e-06],\n",
       "       [ 3.13712190e-01, -2.33373008e-01,  4.12138371e-02,\n",
       "         4.55425979e-01,  1.52088372e-02, -9.43264136e-02,\n",
       "         8.59002865e-02,  5.83050642e-01,  1.22249666e-01,\n",
       "        -4.08399358e-01, -3.15942384e-01,  1.14897018e-05],\n",
       "       [ 2.92031226e-01, -2.24066704e-01,  5.78939656e-02,\n",
       "         4.36060584e-01,  2.77059536e-01,  2.46004441e-02,\n",
       "        -1.42723642e-01, -7.35652619e-01,  2.07250085e-02,\n",
       "        -1.41501679e-01, -1.07875380e-01, -4.35178391e-06],\n",
       "       [ 3.58687110e-01, -1.42143202e-01,  2.01167639e-01,\n",
       "        -3.34399376e-01, -1.02888716e-01, -1.40603254e-01,\n",
       "        -6.23019046e-03, -3.44869159e-02, -8.42752914e-02,\n",
       "         4.69833734e-01, -6.62886052e-01, -4.58476001e-06],\n",
       "       [ 3.19801517e-01, -2.84207464e-01,  2.55886404e-01,\n",
       "        -2.66199035e-01, -5.31490413e-02, -2.05715913e-01,\n",
       "         1.26096954e-01,  2.87946124e-03, -6.31019455e-01,\n",
       "        -2.72445311e-01,  3.83599711e-01, -4.63772058e-08],\n",
       "       [ 3.37429389e-01, -1.17888215e-01,  1.21860306e-01,\n",
       "        -3.99989615e-01, -1.34605398e-01, -1.34348558e-01,\n",
       "        -4.38970851e-02, -8.47281529e-02,  7.35989102e-01,\n",
       "        -1.97711239e-01,  2.67130109e-01,  5.49067624e-06]])"
      ]
     },
     "execution_count": 9,
     "metadata": {},
     "output_type": "execute_result"
    }
   ],
   "source": [
    "sorted_indices      = np.argsort(eigenvalues)[::-1]         # Sort eigenvalues in descending order\n",
    "sorted_eigenvalues  = eigenvalues[sorted_indices]\n",
    "sorted_eigenvectors = eigenvectors[:, sorted_indices]       # Sort eigenvectors accordingly\n",
    "sorted_eigenvectors"
   ]
  },
  {
   "cell_type": "code",
   "execution_count": 10,
   "id": "6aca7395",
   "metadata": {
    "execution": {
     "iopub.execute_input": "2026-06-12T22:12:27.946011Z",
     "iopub.status.busy": "2026-06-12T22:12:27.945748Z",
     "iopub.status.idle": "2026-06-12T22:12:27.953925Z",
     "shell.execute_reply": "2026-06-12T22:12:27.953343Z"
    }
   },
   "outputs": [
    {
     "name": "stdout",
     "output_type": "stream",
     "text": [
      "Explained variance per component:\n",
      "  PC 1:  50.96%   Cumulative:  50.96%\n",
      "  PC 2:  14.36%   Cumulative:  65.32%\n",
      "  PC 3:   9.02%   Cumulative:  74.34%\n",
      "  PC 4:   8.00%   Cumulative:  82.34%\n",
      "  PC 5:   5.92%   Cumulative:  88.26%\n",
      "  PC 6:   5.17%   Cumulative:  93.42%\n",
      "  PC 7:   2.94%   Cumulative:  96.36%\n",
      "  PC 8:   2.21%   Cumulative:  98.57%\n",
      "  PC 9:   1.27%   Cumulative:  99.84%\n",
      "  PC10:   0.10%   Cumulative:  99.93%\n",
      "  PC11:   0.07%   Cumulative: 100.00%\n",
      "  PC12:   0.00%   Cumulative: 100.00%\n",
      "\n",
      "Sorted eigenvectors (columns are principal components):\n"
     ]
    },
    {
     "data": {
      "text/plain": [
       "array([[-2.35854373e-01,  1.67704405e-01,  2.69011635e-01,\n",
       "         3.03466736e-01, -5.15183460e-01, -5.79446271e-01,\n",
       "         3.16854587e-01, -2.13634617e-01,  6.12945777e-02,\n",
       "         5.04720056e-03, -2.82412932e-02,  2.70886361e-07],\n",
       "       [-1.39219310e-01, -4.86818734e-02,  7.61317085e-01,\n",
       "         8.56278802e-02, -1.63670135e-01,  5.99830077e-01,\n",
       "         3.04736086e-02,  2.33598544e-02,  5.60077663e-02,\n",
       "        -2.96457034e-03,  1.04021400e-02,  6.22941225e-06],\n",
       "       [-2.71845942e-01, -5.41664585e-01, -4.34384296e-02,\n",
       "        -6.83948822e-03,  1.33945797e-01, -3.79587072e-02,\n",
       "         2.65244991e-01,  1.09353002e-02,  1.03150547e-01,\n",
       "         1.67015017e-01,  4.87775787e-02,  7.07103568e-01],\n",
       "       [-2.79049397e-01, -3.43145091e-01,  4.54860296e-02,\n",
       "         2.77774284e-02, -2.77217294e-01, -1.85951738e-01,\n",
       "        -8.25503808e-01,  6.95168325e-02, -5.13541751e-02,\n",
       "        -3.34817348e-02, -8.21182262e-03,  2.43138253e-06],\n",
       "       [ 2.71847468e-01,  5.41662678e-01,  4.34296035e-02,\n",
       "         6.83968660e-03, -1.33943593e-01,  3.79570636e-02,\n",
       "        -2.65242794e-01, -1.09473188e-02, -1.03157909e-01,\n",
       "        -1.66995314e-01, -4.87733927e-02,  7.07109994e-01],\n",
       "       [-1.90515552e-01,  2.12902744e-01,  4.61423110e-01,\n",
       "        -6.85001545e-02,  6.97498457e-01, -4.17141204e-01,\n",
       "        -1.34758225e-01,  1.31241407e-01,  6.94120732e-02,\n",
       "         6.93180417e-03, -3.41102895e-03,  3.40952726e-06],\n",
       "       [ 3.66795684e-01,  9.22736726e-03,  5.85597743e-02,\n",
       "         3.93421115e-01, -6.27569623e-03, -5.77837522e-02,\n",
       "        -1.12847061e-01,  2.04960778e-01,  4.50209370e-02,\n",
       "         6.49724965e-01,  4.74210102e-01, -8.43414554e-06],\n",
       "       [ 3.13712190e-01, -2.33373008e-01,  4.12138371e-02,\n",
       "         4.55425979e-01,  1.52088372e-02, -9.43264136e-02,\n",
       "         8.59002865e-02,  5.83050642e-01,  1.22249666e-01,\n",
       "        -4.08399358e-01, -3.15942384e-01,  1.14897018e-05],\n",
       "       [ 2.92031226e-01, -2.24066704e-01,  5.78939656e-02,\n",
       "         4.36060584e-01,  2.77059536e-01,  2.46004441e-02,\n",
       "        -1.42723642e-01, -7.35652619e-01,  2.07250085e-02,\n",
       "        -1.41501679e-01, -1.07875380e-01, -4.35178391e-06],\n",
       "       [ 3.58687110e-01, -1.42143202e-01,  2.01167639e-01,\n",
       "        -3.34399376e-01, -1.02888716e-01, -1.40603254e-01,\n",
       "        -6.23019046e-03, -3.44869159e-02, -8.42752914e-02,\n",
       "         4.69833734e-01, -6.62886052e-01, -4.58476001e-06],\n",
       "       [ 3.19801517e-01, -2.84207464e-01,  2.55886404e-01,\n",
       "        -2.66199035e-01, -5.31490413e-02, -2.05715913e-01,\n",
       "         1.26096954e-01,  2.87946124e-03, -6.31019455e-01,\n",
       "        -2.72445311e-01,  3.83599711e-01, -4.63772058e-08],\n",
       "       [ 3.37429389e-01, -1.17888215e-01,  1.21860306e-01,\n",
       "        -3.99989615e-01, -1.34605398e-01, -1.34348558e-01,\n",
       "        -4.38970851e-02, -8.47281529e-02,  7.35989102e-01,\n",
       "        -1.97711239e-01,  2.67130109e-01,  5.49067624e-06]])"
      ]
     },
     "execution_count": 10,
     "metadata": {},
     "output_type": "execute_result"
    }
   ],
   "source": [
    "# Explained variance ratio and cumulative sum\n",
    "explained_variance_ratio = sorted_eigenvalues / np.sum(sorted_eigenvalues)\n",
    "cumulative_variance      = np.cumsum(explained_variance_ratio)\n",
    "\n",
    "print(\"Explained variance per component:\")\n",
    "for i, (ev, cu) in enumerate(zip(explained_variance_ratio, cumulative_variance)):\n",
    "    print(f\"  PC{i+1:>2}: {ev*100:6.2f}%   Cumulative: {cu*100:6.2f}%\")\n",
    "\n",
    "print(\"\\nSorted eigenvectors (columns are principal components):\")\n",
    "sorted_eigenvectors"
   ]
  },
  {
   "cell_type": "markdown",
   "id": "327f1c51",
   "metadata": {},
   "source": [
    "### How is Explained Variance used in PCA?\n",
    "\n",
    "Explained variance ratio tells us what fraction of the total data spread each principal component accounts for.\n",
    "We sort components from highest to lowest eigenvalue, then compute the **cumulative** explained variance and keep only the minimum number of components needed to exceed a chosen threshold (typically 90–95%).\n",
    "Components below the threshold contribute mostly noise and can be safely discarded, while those above it capture the essential structure of the dataset — guiding the choice of how many dimensions to retain without significant information loss.\n"
   ]
  },
  {
   "cell_type": "markdown",
   "id": "adc6108f",
   "metadata": {},
   "source": [
    "## Step 6: Project Data onto Principal Components\n",
    "\n",
    "Select the top-*k* eigenvectors and project the standardised data onto them to obtain the lower-dimensional representation."
   ]
  },
  {
   "cell_type": "code",
   "execution_count": null,
   "id": "c3cdae29",
   "metadata": {
    "execution": {
     "iopub.execute_input": "2026-06-12T22:12:27.957278Z",
     "iopub.status.busy": "2026-06-12T22:12:27.957005Z",
     "iopub.status.idle": "2026-06-12T22:12:27.963755Z",
     "shell.execute_reply": "2026-06-12T22:12:27.963215Z"
    }
   },
   "outputs": [
    {
     "name": "stdout",
     "output_type": "stream",
     "text": [
      "Components chosen to reach >=90% cumulative variance: 6\n",
      "Variance retained: 93.42%\n"
     ]
    },
    {
     "data": {
      "text/plain": [
       "array([[ 5.71056713, -0.29446529,  0.55606756, -0.46675088,  0.020904  ,\n",
       "        -0.20034158],\n",
       "       [-1.39062768,  1.97949505,  0.53343327, -1.82331748, -0.56090597,\n",
       "        -0.42547373],\n",
       "       [-1.78336707,  0.87045716, -0.41557233,  1.37285094, -0.63284653,\n",
       "        -1.04344306],\n",
       "       [ 3.39871455,  0.94344196,  0.37567624, -0.59289377,  1.71598515,\n",
       "         0.02198184],\n",
       "       [-2.65056382, -0.06697604,  0.33887315,  0.20181066,  0.31544325,\n",
       "        -1.91743433]])"
      ]
     },
     "execution_count": 11,
     "metadata": {},
     "output_type": "execute_result"
    }
   ],
   "source": [
    "# Select the fewest components whose cumulative explained variance reaches >= 90 %\n",
    "num_components = int(np.argmax(cumulative_variance >= 0.90)) + 1  # Decide on the number of principal components to keep\n",
    "print(f\"Components chosen to reach >=90% cumulative variance: {num_components}\")\n",
    "print(f\"Variance retained: {cumulative_variance[num_components - 1] * 100:.2f}%\")\n",
    "\n",
    "# Build projection matrix W of shape (p, k)\n",
    "W = sorted_eigenvectors[:, :num_components]\n",
    "\n",
    "# Project: reduced_data = X_standardised . W   →  shape (n, k)\n",
    "reduced_data = standardized_data @ W               # Project data onto the principal components\n",
    "\n",
    "reduced_data[:5]"
   ]
  },
  {
   "cell_type": "markdown",
   "id": "54b634e7",
   "metadata": {},
   "source": [
    "## Step 7: Output the Reduced Data"
   ]
  },
  {
   "cell_type": "code",
   "execution_count": null,
   "id": "9a26d9b7",
   "metadata": {
    "execution": {
     "iopub.execute_input": "2026-06-12T22:12:27.966494Z",
     "iopub.status.busy": "2026-06-12T22:12:27.966274Z",
     "iopub.status.idle": "2026-06-12T22:12:27.973152Z",
     "shell.execute_reply": "2026-06-12T22:12:27.972065Z"
    }
   },
   "outputs": [
    {
     "name": "stdout",
     "output_type": "stream",
     "text": [
      "Reduced Data Shape: (528, 6)\n"
     ]
    },
    {
     "data": {
      "text/plain": [
       "array([[ 5.71056713, -0.29446529,  0.55606756, -0.46675088,  0.020904  ,\n",
       "        -0.20034158],\n",
       "       [-1.39062768,  1.97949505,  0.53343327, -1.82331748, -0.56090597,\n",
       "        -0.42547373],\n",
       "       [-1.78336707,  0.87045716, -0.41557233,  1.37285094, -0.63284653,\n",
       "        -1.04344306],\n",
       "       [ 3.39871455,  0.94344196,  0.37567624, -0.59289377,  1.71598515,\n",
       "         0.02198184],\n",
       "       [-2.65056382, -0.06697604,  0.33887315,  0.20181066,  0.31544325,\n",
       "        -1.91743433]])"
      ]
     },
     "execution_count": 12,
     "metadata": {},
     "output_type": "execute_result"
    }
   ],
   "source": [
    "print(f'Reduced Data Shape: {reduced_data.shape}')  # Display reduced data shape\n",
    "reduced_data[:5]                                     # Display the first few rows of reduced data"
   ]
  },
  {
   "cell_type": "markdown",
   "id": "40667206",
   "metadata": {},
   "source": [
    "## Step 8: Visualize Before and After PCA\n",
    "\n",
    "Side-by-side scatter plots comparing the original standardised feature space against the PCA-reduced space."
   ]
  },
  {
   "cell_type": "code",
   "execution_count": null,
   "id": "6130311e",
   "metadata": {
    "execution": {
     "iopub.execute_input": "2026-06-12T22:12:27.976595Z",
     "iopub.status.busy": "2026-06-12T22:12:27.976214Z",
     "iopub.status.idle": "2026-06-12T22:12:29.364046Z",
     "shell.execute_reply": "2026-06-12T22:12:29.363244Z"
    }
   },
   "outputs": [
    {
     "data": {
